100   ! Number of radial points 
!                                                                                                                                                                                                               1  
!   r(cm)          n(H2)[cm-3]    Tk(K)          delv[km/s]     Vexp[km/s]     Tdust(K)       gas:dust                 x(He)             x(e-)             x(H)              x(H+)           SO
    0.25000E+14    0.33805E+11    0.22000E+04    0.50000E+01    0.50000E+01    0.16673E+04    0.76923E+04              0.170000          1.000000E-20      1.000000E-20      1.000000E-20    0.10000E-05
    0.27101E+14    0.28766E+11    0.20960E+04    0.46123E+01    0.50000E+01    0.16143E+04    0.76923E+04              0.170000          1.000000E-20      1.000000E-20      1.000000E-20    0.10000E-05
    0.29379E+14    0.24478E+11    0.19969E+04    0.42547E+01    0.50000E+01    0.15630E+04    0.76923E+04              0.170000          1.000000E-20      1.000000E-20      1.000000E-20    0.10000E-05
    0.31849E+14    0.20829E+11    0.19025E+04    0.39248E+01    0.50000E+01    0.15134E+04    0.76923E+04              0.170000          1.000000E-20      1.000000E-20      1.000000E-20    0.10000E-05
    0.34526E+14    0.17724E+11    0.18126E+04    0.36205E+01    0.50000E+01    0.14653E+04    0.76923E+04              0.170000          1.000000E-20      1.000000E-20      1.000000E-20    0.10000E-05
    0.37428E+14    0.15082E+11    0.17269E+04    0.33397E+01    0.50000E+01    0.14188E+04    0.76923E+04              0.170000          1.000000E-20      1.000000E-20      1.000000E-20    0.10000E-05
    0.40574E+14    0.12834E+11    0.16453E+04    0.30808E+01    0.50000E+01    0.13737E+04    0.76923E+04              0.170000          1.000000E-20      1.000000E-20      1.000000E-20    0.10000E-05
    0.43984E+14    0.10921E+11    0.15675E+04    0.28419E+01    0.50000E+01    0.13300E+04    0.76923E+04              0.170000          1.000000E-20      1.000000E-20      1.000000E-20    0.10000E-05
    0.47682E+14    0.92931E+10    0.14934E+04    0.26216E+01    0.50000E+01    0.12878E+04    0.76923E+04              0.170000          1.000000E-20      1.000000E-20      1.000000E-20    0.10000E-05
    0.51689E+14    0.79078E+10    0.14228E+04    0.24183E+01    0.50000E+01    0.12469E+04    0.76923E+04              0.170000          1.000000E-20      1.000000E-20      1.000000E-20    0.10000E-05
    0.56034E+14    0.67290E+10    0.13555E+04    0.22308E+01    0.50000E+01    0.12073E+04    0.76923E+04              0.170000          1.000000E-20      1.000000E-20      1.000000E-20    0.10000E-05
    0.60744E+14    0.57260E+10    0.12915E+04    0.20578E+01    0.50000E+01    0.11689E+04    0.76923E+04              0.170000          1.000000E-20      1.000000E-20      1.000000E-20    0.10000E-05
    0.65850E+14    0.48725E+10    0.12304E+04    0.18983E+01    0.50000E+01    0.11318E+04    0.76923E+04              0.170000          1.000000E-20      1.000000E-20      1.000000E-20    0.10000E-05
    0.71385E+14    0.41461E+10    0.11723E+04    0.17511E+01    0.50000E+01    0.10958E+04    0.76923E+04              0.170000          1.000000E-20      1.000000E-20      1.000000E-20    0.10000E-05
    0.77385E+14    0.35281E+10    0.11168E+04    0.16153E+01    0.50000E+01    0.10610E+04    0.76923E+04              0.170000          1.000000E-20      1.000000E-20      1.000000E-20    0.10000E-05
    0.83890E+14    0.30022E+10    0.10640E+04    0.14900E+01    0.50000E+01    0.10273E+04    0.76923E+04              0.170000          1.000000E-20      1.000000E-20      1.000000E-20    0.10000E-05
    0.90941E+14    0.25547E+10    0.10137E+04    0.13745E+01    0.50000E+01    0.99468E+03    0.76923E+04              0.170000          1.000000E-20      1.000000E-20      1.000000E-20    0.10000E-05
    0.98585E+14    0.21739E+10    0.96583E+03    0.12679E+01    0.50000E+01    0.96308E+03    0.76923E+04              0.170000          1.000000E-20      1.000000E-20      1.000000E-20    0.10000E-05
    0.10687E+15    0.18498E+10    0.92017E+03    0.11696E+01    0.50000E+01    0.93248E+03    0.76923E+04              0.170000          1.000000E-20      1.000000E-20      1.000000E-20    0.10000E-05
    0.11586E+15    0.15741E+10    0.87667E+03    0.10789E+01    0.50000E+01    0.90286E+03    0.76923E+04              0.170000          1.000000E-20      1.000000E-20      1.000000E-20    0.10000E-05
    0.12559E+15    0.66972E+09    0.83523E+03    0.10000E+01    0.10000E+02    0.87418E+03    0.83333E+03              0.170000          1.000000E-20      1.000000E-20      1.000000E-20    0.10000E-05
    0.13615E+15    0.56989E+09    0.79575E+03    0.10000E+01    0.10000E+02    0.84641E+03    0.83333E+03              0.170000          1.000000E-20      1.000000E-20      1.000000E-20    0.10000E-05
    0.14759E+15    0.48494E+09    0.75813E+03    0.10000E+01    0.10000E+02    0.81952E+03    0.83333E+03              0.170000          1.000000E-20      1.000000E-20      1.000000E-20    0.10000E-05
    0.16000E+15    0.41266E+09    0.72229E+03    0.10000E+01    0.10000E+02    0.79348E+03    0.83333E+03              0.170000          1.000000E-20      1.000000E-20      1.000000E-20    0.10000E-05
    0.17345E+15    0.35114E+09    0.68815E+03    0.10000E+01    0.10000E+02    0.76828E+03    0.83333E+03              0.170000          1.000000E-20      1.000000E-20      1.000000E-20    0.10000E-05
    0.18803E+15    0.29880E+09    0.65562E+03    0.10000E+01    0.10000E+02    0.74387E+03    0.83333E+03              0.170000          1.000000E-20      1.000000E-20      1.000000E-20    0.10000E-05
    0.20383E+15    0.13744E+09    0.62463E+03    0.10000E+01    0.18500E+02    0.72024E+03    0.43478E+03              0.170000          1.000000E-20      1.000000E-20      1.000000E-20    0.10000E-05
    0.22097E+15    0.11695E+09    0.59510E+03    0.10000E+01    0.18500E+02    0.69736E+03    0.43478E+03              0.170000          1.000000E-20      1.000000E-20      1.000000E-20    0.10000E-05
    0.23954E+15    0.99518E+08    0.56697E+03    0.10000E+01    0.18500E+02    0.67521E+03    0.43478E+03              0.170000          1.000000E-20      1.000000E-20      1.000000E-20    0.10000E-05
    0.25967E+15    0.84684E+08    0.54017E+03    0.10000E+01    0.18500E+02    0.65376E+03    0.43478E+03              0.170000          1.000000E-20      1.000000E-20      1.000000E-20    0.10000E-05
    0.28150E+15    0.72061E+08    0.51463E+03    0.10000E+01    0.18500E+02    0.63299E+03    0.43478E+03              0.170000          1.000000E-20      1.000000E-20      1.000000E-20    0.10000E-05
    0.30516E+15    0.61319E+08    0.49031E+03    0.10000E+01    0.18500E+02    0.61288E+03    0.43478E+03              0.170000          1.000000E-20      1.000000E-20      1.000000E-20    0.10000E-05
    0.33081E+15    0.52179E+08    0.46713E+03    0.10000E+01    0.18500E+02    0.59341E+03    0.43478E+03              0.170000          1.000000E-20      1.000000E-20      1.000000E-20    0.10000E-05
    0.35862E+15    0.44401E+08    0.44505E+03    0.10000E+01    0.18500E+02    0.57456E+03    0.43478E+03              0.170000          1.000000E-20      1.000000E-20      1.000000E-20    0.10000E-05
    0.38876E+15    0.37782E+08    0.42401E+03    0.10000E+01    0.18500E+02    0.55630E+03    0.43478E+03              0.170000          1.000000E-20      1.000000E-20      1.000000E-20    0.10000E-05
    0.42144E+15    0.32150E+08    0.40397E+03    0.10000E+01    0.18500E+02    0.53863E+03    0.43478E+03              0.170000          1.000000E-20      1.000000E-20      1.000000E-20    0.10000E-05
    0.45687E+15    0.27358E+08    0.38487E+03    0.10000E+01    0.18500E+02    0.52152E+03    0.43478E+03              0.170000          1.000000E-20      1.000000E-20      1.000000E-20    0.10000E-05
    0.49527E+15    0.23280E+08    0.36668E+03    0.10000E+01    0.18500E+02    0.50495E+03    0.43478E+03              0.170000          1.000000E-20      1.000000E-20      1.000000E-20    0.10000E-05
    0.53690E+15    0.19810E+08    0.34934E+03    0.10000E+01    0.18500E+02    0.48891E+03    0.43478E+03              0.170000          1.000000E-20      1.000000E-20      1.000000E-20    0.10000E-05
    0.58203E+15    0.16857E+08    0.33283E+03    0.10000E+01    0.18500E+02    0.47338E+03    0.43478E+03              0.170000          1.000000E-20      1.000000E-20      1.000000E-20    0.10000E-05
    0.63095E+15    0.14344E+08    0.31710E+03    0.10000E+01    0.18500E+02    0.45834E+03    0.43478E+03              0.170000          1.000000E-20      1.000000E-20      1.000000E-20    0.10000E-05
    0.68398E+15    0.12206E+08    0.30211E+03    0.10000E+01    0.18500E+02    0.44378E+03    0.43478E+03              0.170000          1.000000E-20      1.000000E-20      1.000000E-20    0.10000E-05
    0.74147E+15    0.10386E+08    0.28783E+03    0.10000E+01    0.18500E+02    0.42968E+03    0.43478E+03              0.170000          1.000000E-20      1.000000E-20      1.000000E-20    0.10000E-05
    0.80380E+15    0.88382E+07    0.27422E+03    0.10000E+01    0.18500E+02    0.41603E+03    0.43478E+03              0.170000          1.000000E-20      1.000000E-20      1.000000E-20    0.10000E-05
    0.87136E+15    0.75207E+07    0.26126E+03    0.10000E+01    0.18500E+02    0.40282E+03    0.43478E+03              0.170000          1.000000E-20      1.000000E-20      1.000000E-20    0.10000E-05
    0.94461E+15    0.63997E+07    0.24891E+03    0.10000E+01    0.18500E+02    0.39002E+03    0.43478E+03              0.170000          1.000000E-20      1.000000E-20      1.000000E-20    0.10000E-05
    0.10240E+16    0.54457E+07    0.23714E+03    0.10000E+01    0.18500E+02    0.37763E+03    0.43478E+03              0.170000          1.000000E-20      1.000000E-20      1.000000E-20    0.10000E-05
    0.11101E+16    0.46340E+07    0.22593E+03    0.10000E+01    0.18500E+02    0.36563E+03    0.43478E+03              0.170000          1.000000E-20      1.000000E-20      1.000000E-20    0.10000E-05
    0.12034E+16    0.39432E+07    0.21525E+03    0.10000E+01    0.18500E+02    0.35402E+03    0.43478E+03              0.170000          1.000000E-20      1.000000E-20      1.000000E-20    0.10000E-05
    0.13045E+16    0.33554E+07    0.20508E+03    0.10000E+01    0.18500E+02    0.34277E+03    0.43478E+03              0.170000          1.000000E-20      1.000000E-20      1.000000E-20    0.10000E-05
    0.14142E+16    0.28552E+07    0.19538E+03    0.10000E+01    0.18500E+02    0.33188E+03    0.43478E+03              0.170000          1.000000E-20      1.000000E-20      1.000000E-20    0.10000E-05
    0.15331E+16    0.24296E+07    0.18615E+03    0.10000E+01    0.18500E+02    0.32134E+03    0.43478E+03              0.170000          1.000000E-20      1.000000E-20      1.000000E-20    0.10000E-05
    0.16619E+16    0.20675E+07    0.17735E+03    0.10000E+01    0.18500E+02    0.31113E+03    0.43478E+03              0.170000          1.000000E-20      1.000000E-20      1.000000E-20    0.10000E-05
    0.18016E+16    0.17593E+07    0.16896E+03    0.10000E+01    0.18500E+02    0.30125E+03    0.43478E+03              0.170000          1.000000E-20      1.000000E-20      1.000000E-20    0.10000E-05
    0.19530E+16    0.14970E+07    0.16098E+03    0.10000E+01    0.18500E+02    0.29168E+03    0.43478E+03              0.170000          1.000000E-20      1.000000E-20      1.000000E-20    0.10000E-05
    0.21172E+16    0.12739E+07    0.15337E+03    0.10000E+01    0.18500E+02    0.28241E+03    0.43478E+03              0.170000          1.000000E-20      1.000000E-20      1.000000E-20    0.10000E-05
    0.22952E+16    0.10840E+07    0.14612E+03    0.10000E+01    0.18500E+02    0.27344E+03    0.43478E+03              0.170000          1.000000E-20      1.000000E-20      1.000000E-20    0.10000E-05
    0.24881E+16    0.92241E+06    0.13921E+03    0.10000E+01    0.18500E+02    0.26475E+03    0.43478E+03              0.170000          1.000000E-20      1.000000E-20      1.000000E-20    0.10000E-05
    0.26972E+16    0.78491E+06    0.13263E+03    0.10000E+01    0.18500E+02    0.25634E+03    0.43478E+03              0.170000          1.000000E-20      1.000000E-20      1.000000E-20    0.10000E-05
    0.29239E+16    0.66791E+06    0.12636E+03    0.10000E+01    0.18500E+02    0.24820E+03    0.43478E+03              0.170000          1.000000E-20      1.000000E-20      1.000000E-20    0.10000E-05
    0.31697E+16    0.56835E+06    0.12039E+03    0.10000E+01    0.18500E+02    0.24031E+03    0.43478E+03              0.170000          1.000000E-20      1.000000E-20      1.000000E-20    0.10000E-05
    0.34361E+16    0.48363E+06    0.11469E+03    0.10000E+01    0.18500E+02    0.23268E+03    0.43478E+03              0.170000          1.000000E-20      1.000000E-20      1.000000E-20    0.10000E-05
    0.37250E+16    0.41154E+06    0.10927E+03    0.10000E+01    0.18500E+02    0.22529E+03    0.43478E+03              0.170000          1.000000E-20      1.000000E-20      1.000000E-20    0.10000E-05
    0.40381E+16    0.35019E+06    0.10411E+03    0.10000E+01    0.18500E+02    0.21813E+03    0.43478E+03              0.170000          1.000000E-20      1.000000E-20      1.000000E-20    0.10000E-05
    0.43775E+16    0.29799E+06    0.99186E+02    0.10000E+01    0.18500E+02    0.21120E+03    0.43478E+03              0.170000          1.000000E-20      1.000000E-20      1.000000E-20    0.10000E-05
    0.47454E+16    0.25357E+06    0.94498E+02    0.10000E+01    0.18500E+02    0.20449E+03    0.43478E+03              0.170000          1.000000E-20      1.000000E-20      1.000000E-20    0.10000E-05
    0.51443E+16    0.21577E+06    0.90030E+02    0.10000E+01    0.18500E+02    0.19800E+03    0.43478E+03              0.170000          1.000000E-20      1.000000E-20      1.000000E-20    0.10000E-05
    0.55767E+16    0.18361E+06    0.85775E+02    0.10000E+01    0.18500E+02    0.19171E+03    0.43478E+03              0.170000          1.000000E-20      1.000000E-20      1.000000E-20    0.10000E-05
    0.60455E+16    0.15624E+06    0.81720E+02    0.10000E+01    0.18500E+02    0.18562E+03    0.43478E+03              0.170000          1.000000E-20      1.000000E-20      1.000000E-20    0.10000E-05
    0.65536E+16    0.13295E+06    0.77857E+02    0.10000E+01    0.18500E+02    0.17972E+03    0.43478E+03              0.170000          1.000000E-20      1.000000E-20      1.000000E-20    0.10000E-05
    0.71045E+16    0.11313E+06    0.74176E+02    0.10000E+01    0.18500E+02    0.17401E+03    0.43478E+03              0.170000          1.000000E-20      1.000000E-20      1.000000E-20    0.10000E-05
    0.77017E+16    0.96269E+05    0.70670E+02    0.10000E+01    0.18500E+02    0.16848E+03    0.43478E+03              0.170000          1.000000E-20      1.000000E-20      1.000000E-20    0.10000E-05
    0.83490E+16    0.81919E+05    0.67329E+02    0.10000E+01    0.18500E+02    0.16313E+03    0.43478E+03              0.170000          1.000000E-20      1.000000E-20      1.000000E-20    0.10000E-05
    0.90508E+16    0.69708E+05    0.64147E+02    0.10000E+01    0.18500E+02    0.15795E+03    0.43478E+03              0.170000          1.000000E-20      1.000000E-20      1.000000E-20    0.10000E-05
    0.98116E+16    0.59317E+05    0.61114E+02    0.10000E+01    0.18500E+02    0.15293E+03    0.43478E+03              0.170000          1.000000E-20      1.000000E-20      1.000000E-20    0.10000E-05
    0.10636E+17    0.50475E+05    0.58225E+02    0.10000E+01    0.18500E+02    0.14807E+03    0.43478E+03              0.170000          1.000000E-20      1.000000E-20      1.000000E-20    0.10000E-05
    0.11530E+17    0.42951E+05    0.55473E+02    0.10000E+01    0.18500E+02    0.14337E+03    0.43478E+03              0.170000          1.000000E-20      1.000000E-20      1.000000E-20    0.10000E-05
    0.12500E+17    0.36549E+05    0.52851E+02    0.10000E+01    0.18500E+02    0.13881E+03    0.43478E+03              0.170000          1.000000E-20      1.000000E-20      1.000000E-20    0.10000E-05
    0.13550E+17    0.31101E+05    0.50352E+02    0.10000E+01    0.18500E+02    0.13440E+03    0.43478E+03              0.170000          1.000000E-20      1.000000E-20      1.000000E-20    0.10000E-05
    0.14689E+17    0.26465E+05    0.47972E+02    0.10000E+01    0.18500E+02    0.13013E+03    0.43478E+03              0.170000          1.000000E-20      1.000000E-20      1.000000E-20    0.10000E-05
    0.15924E+17    0.22520E+05    0.45704E+02    0.10000E+01    0.18500E+02    0.12600E+03    0.43478E+03              0.170000          1.000000E-20      1.000000E-20      1.000000E-20    0.10000E-05
    0.17262E+17    0.19163E+05    0.43544E+02    0.10000E+01    0.18500E+02    0.12200E+03    0.43478E+03              0.170000          1.000000E-20      1.000000E-20      1.000000E-20    0.10000E-19
    0.18713E+17    0.16306E+05    0.41486E+02    0.10000E+01    0.18500E+02    0.11812E+03    0.43478E+03              0.170000          1.000000E-20      1.000000E-20      1.000000E-20    0.10000E-19
    0.20286E+17    0.13876E+05    0.39524E+02    0.10000E+01    0.18500E+02    0.11437E+03    0.43478E+03              0.170000          1.000000E-20      1.000000E-20      1.000000E-20    0.10000E-19
    0.21991E+17    0.11807E+05    0.37656E+02    0.10000E+01    0.18500E+02    0.11074E+03    0.43478E+03              0.170000          1.000000E-20      1.000000E-20      1.000000E-20    0.10000E-19
    0.23840E+17    0.10047E+05    0.35876E+02    0.10000E+01    0.18500E+02    0.10722E+03    0.43478E+03              0.170000          1.000000E-20      1.000000E-20      1.000000E-20    0.10000E-19
    0.25844E+17    0.85496E+04    0.34180E+02    0.10000E+01    0.18500E+02    0.10381E+03    0.43478E+03              0.170000          1.000000E-20      1.000000E-20      1.000000E-20    0.10000E-19
    0.28016E+17    0.72752E+04    0.32564E+02    0.10000E+01    0.18500E+02    0.10051E+03    0.43478E+03              0.170000          1.000000E-20      1.000000E-20      1.000000E-20    0.10000E-19
    0.30371E+17    0.61907E+04    0.31025E+02    0.10000E+01    0.18500E+02    0.97320E+02    0.43478E+03              0.170000          1.000000E-20      1.000000E-20      1.000000E-20    0.10000E-19
    0.32924E+17    0.52679E+04    0.29558E+02    0.10000E+01    0.18500E+02    0.94229E+02    0.43478E+03              0.170000          1.000000E-20      1.000000E-20      1.000000E-20    0.10000E-19
    0.35691E+17    0.44827E+04    0.28161E+02    0.10000E+01    0.18500E+02    0.91235E+02    0.43478E+03              0.170000          1.000000E-20      1.000000E-20      1.000000E-20    0.10000E-19
    0.38691E+17    0.38145E+04    0.26830E+02    0.10000E+01    0.18500E+02    0.88337E+02    0.43478E+03              0.170000          1.000000E-20      1.000000E-20      1.000000E-20    0.10000E-19
    0.41943E+17    0.32459E+04    0.25562E+02    0.10000E+01    0.18500E+02    0.85531E+02    0.43478E+03              0.170000          1.000000E-20      1.000000E-20      1.000000E-20    0.10000E-19
    0.45469E+17    0.27620E+04    0.24353E+02    0.10000E+01    0.18500E+02    0.82813E+02    0.43478E+03              0.170000          1.000000E-20      1.000000E-20      1.000000E-20    0.10000E-19
    0.49291E+17    0.23503E+04    0.23202E+02    0.10000E+01    0.18500E+02    0.80183E+02    0.43478E+03              0.170000          1.000000E-20      1.000000E-20      1.000000E-20    0.10000E-19
    0.53434E+17    0.20000E+04    0.22105E+02    0.10000E+01    0.18500E+02    0.77635E+02    0.43478E+03              0.170000          1.000000E-20      1.000000E-20      1.000000E-20    0.10000E-19
    0.57925E+17    0.17018E+04    0.21060E+02    0.10000E+01    0.18500E+02    0.75169E+02    0.43478E+03              0.170000          1.000000E-20      1.000000E-20      1.000000E-20    0.10000E-19
    0.62794E+17    0.14482E+04    0.20065E+02    0.10000E+01    0.18500E+02    0.72781E+02    0.43478E+03              0.170000          1.000000E-20      1.000000E-20      1.000000E-20    0.10000E-19
    0.68072E+17    0.12323E+04    0.19116E+02    0.10000E+01    0.18500E+02    0.70469E+02    0.43478E+03              0.170000          1.000000E-20      1.000000E-20      1.000000E-20    0.10000E-19
    0.73794E+17    0.10486E+04    0.18213E+02    0.10000E+01    0.18500E+02    0.68230E+02    0.43478E+03              0.170000          1.000000E-20      1.000000E-20      1.000000E-20    0.10000E-19
